Height in cm: 62
2080
2569
2570
2572
2571
2567
2559
2568
2571
2566
2567
2566
2569
2566
2566
2568
2566
2568
2568
2569
2568
2568
2568
2568
2565
2568
2566
2568
2567
2570
2559
2568
2567
2568
2572
2567
2566
2565
2566
2572
2565
2566
2559
2559
2568
2568
2566
2559
2569
2568

Height in cm: 60
2082
2567
2567
2567
2570
2569
2572
2566
2568
2568
2567
2572
2568
2569
2568
2567
2572
2565
2568
2566
2567
2576
2559
2568
2568
2568
2568
2566
2567
2567
2566
2569
2564
2568
2568
2568
2571
2567
2565
2568
2568
2567
2566
2566
2568
2566
2568
2565
2568
2559

Height in cm: 58
2170
2784
2784
2784
2786
2784
2778
2782
2784
2787
2786
2784
2784
2784
2776
2784
2781
2784
2781
2781
2782
2781
2781
2784
2779
2784
2782
2781
2784
2781
2784
2779
2781
2782
2785
2784
2778
2779
2779
2779
2781
2785
2781
2782
2781
2784
2782
2782
2780
2781

Height in cm: 56
2366
2845
2848
2841
2841
2843
2842
2845
2841
2840
2841
2842
2847
2843
2841
2841
2842
2842
2843
2842
2845
2836
2844
2840
2842
2841
2842
2840
2845
2841
2842
2840
2842
2841
2842
2841
2842
2844
2848
2843
2841
2843
2841
2841
2842
2841
2841
2837
2844
2841

Height in cm: 54
2480
2766
2768
2768
2763
2765
2766
2764
2765
2764
2764
2766
2764
2763
2765
2764
2768
2764
2765
2764
2768
2768
2768
2764
2766
2765
2769
2768
2766
2766
2767
2768
2766
2768
2768
2764
2769
2768
2772
2768
2768
2765
2766
2768
2764
2768
2762
2765
2764
2768

Height in cm: 52
2484
2731
2730
2729
2732
2730
2730
2732
2730
2728
2731
2722
2730
2731
2732
2731
2730
2733
2729
2733
2733
2734
2736
2729
2729
2729
2729
2731
2728
2727
2729
2728
2730
2732
2727
2732
2732
2733
2728
2736
2730
2731
2728
2728
2730
2728
2728
2729
2728
2730

Height in cm: 50
2476
2725
2724
2721
2724
2724
2723
2723
2722
2724
2724
2723
2720
2724
2724
2725
2724
2724
2720
2725
2724
2722
2722
2722
2724
2722
2724
2721
2724
2723
2728
2723
2722
2724
2722
2724
2722
2724
2724
2726
2724
2722
2723
2722
2724
2726
2722
2725
2722
2723

Height in cm: 48
2469
2718
2716
2718
2717
2717
2718
2717
2717
2717
2716
2716
2716
2716
2720
2718
2717
2717
2719
2715
2720
2720
2722
2716
2713
2716
2718
2720
2717
2719
2716
2717
2718
2715
2715
2716
2719
2714
2716
2717
2720
2720
2717
2717
2715
2717
2717
2717
2718
2716

Height in cm: 46
2442
2684
2680
2686
2687
2680
2684
2684
2686
2681
2683
2677
2686
2690
2677
2686
2682
2684
2684
2680
2684
2682
2681
2681
2683
2681
2682
2682
2681
2683
2685
2685
2687
2684
2681
2682
2683
2680
2681
2684
2680
2684
2687
2684
2683
2680
2684
2680
2686
2684

Height in cm: 44
2133
2646
2644
2644
2649
2643
2644
2649
2645
2649
2648
2645
2650
2644
2649
2645
2648
2644
2648
2647
2642
2644
2648
2644
2648
2645
2644
2644
2645
2645
2642
2646
2648
2646
2646
2645
2648
2645
2643
2648
2648
2644
2643
2645
2644
2648
2638
2642
2643
2645

Height in cm: 42
1969
2612
2610
2611
2612
2612
2613
2617
2610
2613
2612
2613
2611
2617
2612
2614
2614
2612
2610
2612
2614
2613
2614
2610
2612
2612
2613
2614
2618
2612
2612
2613
2611
2614
2612
2613
2614
2613
2617
2610
2612
2613
2613
2617
2610
2617
2613
2612
2616
2612

Height in cm: 40
1949
2581
2578
2578
2577
2579
2580
2582
2580
2580
2579
2578
2587
2579
2580
2582
2582
2585
2579
2578
2580
2581
2584
2580
2580
2581
2580
2589
2580
2577
2580
2578
2580
2579
2578
2581
2582
2580
2576
2579
2579
2580
2581
2578
2584
2580
2579
2580
2581
2580

Height in cm: 38
2059
2537
2542
2542
2541
2544
2540
2545
2538
2544
2544
2538
2541
2542
2541
2549
2540
2540
2540
2540
2545
2542
2541
2542
2540
2546
2539
2539
2541
2540
2541
2539
2544
2541
2541
2538
2538
2539
2540
2545
2540
2538
2542
2540
2541
2548
2541
2539
2539
2539

Height in cm: 36
1904
2510
2513
2512
2510
2508
2509
2512
2512
2512
2515
2512
2512
2512
2513
2517
2512
2512
2512
2512
2518
2508
2510
2512
2512
2514
2510
2517
2512
2516
2510
2517
2515
2512
2512
2514
2512
2512
2512
2513
2512
2515
2512
2511
2512
2512
2512
2514
2510
2512

Height in cm: 34
1996
2477
2481
2483
2478
2478
2481
2478
2480
2477
2480
2477
2480
2480
2480
2478
2480
2479
2476
2477
2478
2482
2480
2478
2484
2481
2478
2478
2478
2483
2478
2480
2480
2480
2485
2478
2477
2480
2482
2480
2480
2480
2478
2480
2478
2481
2478
2480
2480
2479

Height in cm: 32
1977
2448
2449
2448
2449
2447
2449
2448
2448
2449
2449
2448
2448
2449
2451
2452
2449
2448
2450
2450
2453
2448
2449
2449
2448
2454
2448
2450
2448
2450
2452
2451
2452
2450
2449
2448
2446
2448
2450
2448
2449
2449
2449
2448
2448
2444
2450
2448
2448
2449

Height in cm: 30
1964
2434
2434
2434
2436
2435
2434
2432
2433
2436
2433
2436
2434
2434
2435
2434
2434
2433
2438
2433
2434
2439
2434
2439
2433
2434
2434
2434
2438
2434
2434
2434
2435
2438
2433
2434
2437
2435
2432
2433
2432
2433
2435
2435
2435
2433
2434
2434
2434
2437

Height in cm: 28
1947
2418
2418
2419
2418
2418
2418
2422
2418
2418
2417
2420
2418
2419
2420
2418
2418
2418
2418
2420
2424
2418
2421
2416
2420
2423
2419
2419
2419
2419
2424
2419
2422
2418
2418
2421
2418
2420
2418
2422
2419
2419
2418
2419
2418
2420
2420
2418
2418
2420

Height in cm: 26
1793
2408
2408
2408
2407
2407
2408
2408
2408
2408
2408
2409
2403
2405
2405
2408
2411
2394
2398
2410
2404
2366
2409
2407
2408
2407
2365
2408
2407
2407
2409
2407
2406
2408
2410
2409
2405
2406
2407
2408
2407
2408
2407
2408
2408
2406
2406
2406
2407
2407

Height in cm: 24
1782
2397
2400
2398
2400
2398
2398
2400
2397
2398
2400
2397
2400
2400
2397
2397
2396
2393
2394
2401
2397
2398
2400
2397
2394
2400
2398
2401
2398
2398
2392
2398
2402
2398
2397
2396
2396
2397
2398
2397
2398
2399
2400
2398
2398
2399
2398
2397
2396
2398

Height in cm: 22
1981
2816
2816
2816
2816
2818
2816
2816
2816
2816
2817
2816
2816
2816
2816
2819
2816
2816
2816
2816
2816
2816
2816
2816
2816
2818
2816
2816
2816
2810
2816
2825
2816
2816
2816
2816
2816
2816
2816
2816
2816
2816
2807
2816
2816
2816
2816
2816
2816
2816

Height in cm: 20
2092
2771
2773
2771
2772
2770
2776
2772
2772
2772
2770
2776
2770
2773
2772
2773
2777
2773
2772
2772
2770
2770
2770
2771
2772
2770
2771
2776
2770
2771
2772
2772
2777
2771
2772
2771
2774
2772
2772
2775
2772
2772
2771
2777
2770
2773
2772
2773
2777
2772

Height in cm: 18
1762
2379
2381
2380
2381
2377
2381
2381
2380
2378
2378
2380
2380
2380
2380
2380
2380
2380
2382
2381
2382
2380
2380
2378
2382
2384
2380
2382
2382
2380
2384
2378
2381
2380
2383
2382
2380
2381
2382
2381
2380
2378
2380
2381
2380
2381
2379
2381
2381
2381

Height in cm: 16
1902
2381
2384
2382
2380
2379
2381
2386
2380
2382
2381
2381
2385
2382
2379
2382
2381
2381
2381
2381
2382
2380
2380
2382
2381
2380
2381
2382
2380
2382
2381
2381
2382
2381
2381
2382
2381
2380
2386
2380
2380
2380
2381
2384
2381
2381
2381
2381
2384
2381

Height in cm: 14
1876
2370
2371
2373
2372
2372
2370
2370
2375
2370
2370
2370
2370
2370
2369
2371
2372
2370
2370
2371
2371
2370
2367
2372
2372
2370
2371
2370
2372
2373
2370
2372
2371
2370
2372
2371
2371
2370
2370
2374
2372
2370
2371
2367
2372
2371
2370
2371
2372
2372

Height in cm: 12
1874
2370
2368
2372
2368
2370
2368
2370
2368
2370
2367
2370
2370
2366
2367
2365
2366
2370
2369
2369
2368
2369
2369
2369
2366
2368
2370
2369
2367
2371
2370
2367
2371
2367
2370
2366
2370
2368
2369
2372
2370
2368
2370
2367
2370
2367
2369
2370
2367
2368

Height in cm: 10
2370
2372
2370
2367
2370
2369
2370
2371
2368
2370
2370
2370
2371
2370
2367
2367
2368
2372
2371
2370
2372
2370
2369
2370
2368
2372
2372
2374
2370
2369
2371
2367
2371
2368
2369
2368
2370
2370
2369
2369
2370
2367
2369
2370
2367
2370
2370
2371
2369
2370

Height in cm: 8
1855
2367
2364
2366
2367
2367
2365
2364
2365
2367
2366
2366
2367
2366
2365
2364
2362
2364
2366
2367
2367
2365
2364
2365
2363
2367
2366
2367
2364
2365
2366
2367
2366
2366
2362
2362
2366
2367
2367
2366
2366
2366
2364
2366
2366
2367
2366
2364
2363
2367

Height in cm: 6
2370
2365
2364
2365
2365
2368
2366
2365
2366
2367
2366
2366
2366
2366
2362
2365
2362
2366
2365
2367
2367
2367
2367
2365
2367
2367
2365
2366
2366
2365
2367
2366
2365
2362
2362
2365
2365
2366
2367
2362
2366
2364
2367
2367
2365
2367
2367
2363
2363
2366

Height in cm: 4
1252
2361
2363
2364
2367
2361
2364
2365
2363
2364
2364
2364
2367
2364
2365
2361
2360
2362
2364
2365
2363
2364
2366
2364
2361
2366
2363
2364
2364
2362
2364
2363
2364
2363
2362
2360
2361
2363
2363
2363
2360
2364
2364
2364
2363
2365
2364
2364
2362
2362

Height in cm: 2
1132
2360
2357
2358
2360
2357
2356
2358
2358
2358
2359
2356
2358
2356
2357
2357
2354
2354
2356
2356
2360
2357
2358
2359
2358
2358
2359
2358
2358
2357
2358
2357
2360
2357
2360
2352
2354
2356
2356
2358
2357
2357
2357
2357
2358
2356
2358
2360
2358
2358

Height in cm:
